1.0		1.0		1.0		1.0		1.0		1.0		1.0		1.0		1.0		1.0		1.0		1.0		1.0		1.0		1.0		1.0		1.0		1.0		1.0		1.0		1.0		1.0		1.0		1.0		1.0		1.0		1.0		1.0		1.0		1.0		
1.0		1.0		1.0		1.0		1.0		1.0		1.0		1.0		1.0		1.0		1.0		1.0		1.0		1.0		1.0		1.0		1.0		1.0		1.0		1.0		1.0		1.0		1.0		1.0		1.0		1.0		1.0		1.0		1.0		1.0		
1.0		1.0		1.0		1.0		1.0		1.0		1.0		1.0		1.0		1.0		1.0		1.0		1.0		1.0		1.0		1.0		1.0		1.0		1.0		1.0		1.0		1.0		1.0		1.0		1.0		1.0		1.0		1.0		1.0		1.0		
1.0		1.0		1.0		1.0		1.0		1.0		1.0		1.0		1.0		1.0		1.0		1.0		1.0		1.0		1.0		1.0		1.0		1.0		1.0		1.0		1.0		1.0		1.0		1.0		1.0		1.0		1.0		1.0		1.0		1.0		
1.0		1.0		1.0		1.0		1.0		1.0		1.0		1.0		1.0		1.0		1.0		1.0		1.0		1.0		1.0		1.0		1.0		1.0		1.0		1.0		1.0		1.0		1.0		1.0		1.0		1.0		1.0		1.0		1.0		1.0		
1.0		1.0		1.0		1.0		1.0		1.0		1.0		1.0		1.0		1.0		1.0		1.0		1.0		1.0		1.0		1.0		1.0		1.0		1.0		1.0		1.0		1.0		1.0		1.0		1.0		1.0		1.0		1.0		1.0		1.0		
1.0		1.0		1.0		1.0		1.0		1.0		1.0		1.0		1.0		1.0		1.0		1.0		1.0		1.0		1.0		1.0		1.0		1.0		1.0		1.0		1.0		1.0		1.0		1.0		1.0		1.0		1.0		1.0		1.0		1.0		
1.0		1.0		1.0		1.0		1.0		1.0		1.0		1.0		1.0		1.0		1.0		1.0		1.0		1.0		1.0		1.0		1.0		1.0		1.0		1.0		1.0		1.0		1.0		1.0		1.0		1.0		1.0		1.0		1.0		1.0		
1.0		1.0		1.0		1.0		1.0		1.0		1.0		1.0		1.0		1.0		1.0		1.0		1.0		1.0		1.0		1.0		1.0		1.0		1.0		1.0		1.0		1.0		1.0		1.0		1.0		1.0		1.0		1.0		1.0		1.0		
1.0		1.0		1.0		1.0		1.0		1.0		1.0		1.0		1.0		1.0		1.0		1.0		1.0		1.0		1.0		1.0		1.0		1.0		1.0		1.0		1.0		1.0		1.0		1.0		1.0		1.0		1.0		1.0		1.0		1.0		
1.0		1.0		1.0		1.0		1.0		1.0		1.0		1.0		1.0		1.0		1.0		1.0		1.0		1.0		1.0		1.0		1.0		1.0		1.0		1.0		1.0		1.0		1.0		1.0		1.0		1.0		1.0		1.0		1.0		1.0		
1.0		1.0		1.0		1.0		1.0		1.0		1.0		1.0		1.0		1.0		1.0		1.0		1.0		1.0		1.0		1.0		1.0		1.0		1.0		1.0		1.0		1.0		1.0		1.0		1.0		1.0		1.0		1.0		1.0		1.0		
1.0		1.0		1.0		1.0		1.0		1.0		1.0		1.0		1.0		1.0		1.0		1.0		1.0		1.0		0.988	0.882	0.788	0.588	0.816	1.0		1.0		1.0		1.0		1.0		1.0		1.0		1.0		1.0		1.0		1.0		
1.0		1.0		1.0		1.0		1.0		1.0		1.0		1.0		1.0		1.0		1.0		1.0		1.0		0.741	0.2	0.027	0.008	0.082	0.043	0.702	1.0		1.0		1.0		1.0		1.0		1.0		1.0		1.0		1.0		1.0		
1.0		1.0		1.0		1.0		1.0		1.0		1.0		1.0		1.0		1.0		1.0		0.988	0.463	0.039	0.0		0.184	0.745	0.976	0.2	0.176	0.957	1.0		1.0		1.0		1.0		1.0		1.0		1.0		1.0		1.0		
1.0		0.561	0.573	0.4	0.455	0.431	0.278	0.569	0.651	0.686	0.729	0.345	0.0		0.0		0.0		0.478	0.765	0.8	0.129	0.075	0.659	0.514	0.443	0.533	0.337	0.404	0.459	0.475	1.0		1.0		
1.0		0.102	0.059	0.043	0.18	0.161	0.18	0.341	0.286	0.133	0.173	0.016	0.031	0.31	0.396	0.145	0.0		0.0		0.0		0.294	0.216	0.247	0.212	0.357	0.314	0.247	0.196	0.227	1.0		1.0		
1.0		0.988	0.965	0.945	0.996	1.0		1.0		1.0		1.0		0.965	0.992	0.086	0.306	0.965	0.722	0.235	0.0		0.016	0.573	0.953	1.0		1.0		1.0		1.0		1.0		1.0		1.0		1.0		1.0		1.0		
1.0		1.0		1.0		1.0		1.0		1.0		1.0		1.0		1.0		1.0		0.996	0.251	0.004	0.063	0.027	0.043	0.247	0.733	0.996	1.0		1.0		1.0		1.0		1.0		1.0		1.0		1.0		1.0		1.0		1.0		
1.0		1.0		1.0		1.0		1.0		1.0		1.0		1.0		1.0		1.0		0.957	0.098	0.71	0.655	0.698	0.922	0.996	1.0		1.0		1.0		1.0		1.0		1.0		1.0		1.0		1.0		1.0		1.0		1.0		1.0		
1.0		1.0		1.0		1.0		1.0		1.0		1.0		1.0		1.0		1.0		0.914	0.106	0.973	1.0		1.0		1.0		1.0		1.0		1.0		1.0		1.0		1.0		1.0		1.0		1.0		1.0		1.0		1.0		1.0		1.0		
1.0		0.522	0.553	0.608	0.643	0.675	0.478	0.776	0.761	0.631	0.718	0.016	0.431	0.804	0.871	0.906	0.694	0.753	0.804	0.831	0.643	0.808	0.718	0.784	0.667	0.612	0.58	0.686	1.0		1.0		
1.0		0.196	0.294	0.075	0.137	0.22	0.188	0.141	0.161	0.129	0.09	0.0		0.137	0.11	0.09	0.09	0.031	0.008	0.012	0.086	0.157	0.125	0.118	0.165	0.11	0.071	0.212	0.22	1.0		1.0		
1.0		1.0		0.992	0.973	0.976	1.0		1.0		0.992	0.984	0.973	0.675	0.055	0.918	0.984	0.973	0.957	0.937	0.89	0.863	0.976	0.98	0.965	0.969	0.996	0.984	0.969	0.992	1.0		1.0		1.0		
1.0		1.0		1.0		1.0		1.0		1.0		1.0		1.0		1.0		1.0		0.729	0.192	1.0		1.0		1.0		1.0		1.0		1.0		1.0		1.0		1.0		1.0		1.0		1.0		1.0		1.0		1.0		1.0		1.0		1.0		
1.0		1.0		1.0		1.0		1.0		1.0		1.0		1.0		1.0		1.0		0.686	0.071	0.965	1.0		1.0		1.0		1.0		1.0		1.0		1.0		1.0		1.0		1.0		1.0		1.0		1.0		1.0		1.0		1.0		1.0		
1.0		1.0		1.0		1.0		1.0		1.0		1.0		1.0		1.0		1.0		0.62	0.082	0.984	1.0		1.0		1.0		1.0		1.0		1.0		1.0		1.0		1.0		1.0		1.0		1.0		1.0		1.0		1.0		1.0		1.0		
1.0		0.78	0.851	0.796	0.835	0.886	0.929	0.898	0.969	0.992	0.529	0.235	0.984	0.925	0.867	0.957	0.89	0.929	0.949	0.925	0.816	0.871	0.647	0.71	0.765	0.8	0.839	0.894	1.0		1.0		
1.0		0.016	0.02	0.0		0.004	0.016	0.027	0.035	0.063	0.11	0.043	0.004	0.196	0.047	0.039	0.09	0.016	0.031	0.043	0.047	0.0		0.047	0.0		0.0		0.0		0.0		0.004	0.016	1.0		1.0		
1.0		0.678	0.643	0.659	0.816	0.749	0.71	0.902	0.875	0.839	0.588	0.004	0.765	0.89	0.855	0.816	0.745	0.694	0.659	0.702	0.835	0.78	0.714	0.675	0.824	0.678	0.682	0.741	1.0		1.0		
1.0		1.0		1.0		1.0		1.0		1.0		1.0		1.0		1.0		1.0		0.71	0.212	0.992	1.0		1.0		1.0		1.0		1.0		1.0		1.0		1.0		1.0		1.0		1.0		1.0		1.0		1.0		1.0		1.0		1.0		
1.0		1.0		1.0		1.0		1.0		1.0		1.0		1.0		1.0		1.0		0.651	0.278	1.0		1.0		1.0		1.0		1.0		1.0		1.0		1.0		1.0		1.0		1.0		1.0		1.0		1.0		1.0		1.0		1.0		1.0		
1.0		1.0		1.0		1.0		1.0		1.0		1.0		1.0		1.0		1.0		0.588	0.204	1.0		1.0		1.0		1.0		1.0		1.0		1.0		1.0		1.0		1.0		1.0		1.0		1.0		1.0		1.0		1.0		1.0		1.0		
1.0		1.0		1.0		1.0		1.0		1.0		1.0		1.0		1.0		1.0		0.6	0.341	1.0		1.0		1.0		1.0		1.0		1.0		1.0		1.0		0.996	0.996	1.0		1.0		1.0		0.976	1.0		1.0		1.0		1.0		
1.0		0.447	0.498	0.533	0.576	0.647	0.694	0.729	0.776	0.808	0.275	0.09	0.451	0.502	0.357	0.322	0.227	0.145	0.188	0.255	0.239	0.114	0.129	0.165	0.22	0.157	0.325	0.247	1.0		1.0		
1.0		0.118	0.012	0.071	0.2	0.055	0.208	0.173	0.137	0.102	0.012	0.0		0.184	0.153	0.118	0.122	0.227	0.231	0.173	0.133	0.098	0.059	0.114	0.196	0.286	0.365	0.329	0.29	1.0		1.0		
1.0		0.957	0.894	0.941	1.0		0.965	0.996	1.0		1.0		1.0		0.329	0.192	0.984	1.0		1.0		0.996	0.988	1.0		1.0		1.0		1.0		0.976	0.973	1.0		1.0		1.0		1.0		1.0		1.0		1.0		
1.0		1.0		1.0		1.0		1.0		1.0		1.0		1.0		1.0		1.0		0.353	0.435	1.0		1.0		1.0		1.0		1.0		1.0		1.0		1.0		1.0		1.0		1.0		1.0		1.0		1.0		1.0		1.0		1.0		1.0		
1.0		1.0		1.0		1.0		1.0		1.0		1.0		1.0		1.0		1.0		0.545	0.612	1.0		1.0		1.0		1.0		1.0		1.0		1.0		1.0		1.0		1.0		1.0		1.0		1.0		1.0		1.0		1.0		1.0		1.0		
1.0		1.0		1.0		1.0		1.0		1.0		1.0		1.0		1.0		1.0		1.0		1.0		1.0		1.0		1.0		1.0		1.0		1.0		1.0		1.0		1.0		1.0		1.0		1.0		1.0		1.0		1.0		1.0		1.0		1.0		
1.0		0.898	0.941	0.973	0.843	0.847	0.733	0.671	0.71	0.949	0.706	0.604	0.655	0.686	0.733	0.8	0.847	0.878	0.753	0.706	0.816	0.918	0.867	0.902	0.753	0.737	0.804	0.851	1.0		1.0		
1.0		0.047	0.031	0.059	0.02	0.0		0.051	0.039	0.027	0.071	0.016	0.0		0.0		0.0		0.0		0.0		0.031	0.055	0.035	0.004	0.031	0.102	0.071	0.043	0.004	0.012	0.004	0.0		1.0		1.0		
1.0		0.953	0.749	0.8	0.847	0.804	0.949	0.945	0.922	0.875	0.8	0.671	0.749	0.686	0.627	0.78	0.875	0.965	0.89	0.698	0.871	0.91	0.973	0.929	0.682	0.831	0.843	0.804	1.0		1.0		
1.0		1.0		1.0		1.0		1.0		1.0		1.0		1.0		1.0		1.0		1.0		1.0		1.0		1.0		1.0		1.0		1.0		1.0		1.0		1.0		1.0		1.0		1.0		1.0		1.0		1.0		1.0		1.0		1.0		1.0		
1.0		1.0		1.0		1.0		1.0		1.0		1.0		1.0		1.0		1.0		1.0		1.0		1.0		1.0		1.0		1.0		1.0		1.0		1.0		1.0		1.0		1.0		1.0		1.0		1.0		1.0		1.0		1.0		1.0		1.0		
1.0		1.0		1.0		1.0		1.0		1.0		1.0		1.0		1.0		1.0		1.0		1.0		1.0		1.0		1.0		1.0		1.0		1.0		1.0		1.0		1.0		1.0		1.0		1.0		1.0		1.0		1.0		1.0		1.0		1.0		
1.0		1.0		1.0		1.0		1.0		1.0		1.0		1.0		1.0		1.0		1.0		1.0		1.0		1.0		1.0		1.0		1.0		1.0		1.0		1.0		1.0		1.0		1.0		1.0		1.0		1.0		1.0		1.0		1.0		1.0		
1.0		1.0		1.0		1.0		1.0		1.0		1.0		1.0		1.0		1.0		1.0		1.0		1.0		1.0		1.0		1.0		1.0		1.0		1.0		1.0		1.0		1.0		1.0		1.0		1.0		1.0		1.0		1.0		1.0		1.0		
1.0		1.0		1.0		1.0		1.0		1.0		1.0		1.0		1.0		1.0		1.0		1.0		1.0		1.0		1.0		1.0		1.0		1.0		1.0		1.0		1.0		1.0		1.0		1.0		1.0		1.0		1.0		1.0		1.0		1.0		
1.0		1.0		1.0		1.0		1.0		1.0		1.0		1.0		1.0		1.0		1.0		1.0		1.0		1.0		1.0		1.0		1.0		1.0		1.0		1.0		1.0		1.0		1.0		1.0		1.0		1.0		1.0		1.0		1.0		1.0		
