1.0		1.0		1.0		1.0		1.0		1.0		1.0		1.0		1.0		1.0		1.0		1.0		1.0		1.0		1.0		1.0		1.0		1.0		1.0		1.0		1.0		1.0		1.0		1.0		1.0		1.0		1.0		1.0		1.0		1.0		
1.0		1.0		1.0		1.0		1.0		1.0		1.0		1.0		1.0		1.0		1.0		1.0		1.0		1.0		1.0		1.0		1.0		1.0		1.0		1.0		1.0		1.0		1.0		1.0		1.0		1.0		1.0		1.0		1.0		1.0		
1.0		1.0		1.0		1.0		1.0		1.0		1.0		1.0		1.0		1.0		1.0		1.0		1.0		1.0		1.0		1.0		1.0		1.0		1.0		1.0		1.0		1.0		1.0		1.0		1.0		1.0		1.0		1.0		1.0		1.0		
1.0		1.0		1.0		1.0		1.0		1.0		1.0		1.0		1.0		1.0		1.0		1.0		1.0		1.0		1.0		1.0		1.0		1.0		1.0		1.0		1.0		1.0		1.0		1.0		1.0		1.0		1.0		1.0		1.0		1.0		
1.0		1.0		1.0		1.0		1.0		1.0		1.0		1.0		1.0		1.0		1.0		1.0		1.0		1.0		1.0		1.0		1.0		1.0		1.0		1.0		1.0		1.0		1.0		1.0		1.0		1.0		1.0		1.0		1.0		1.0		
1.0		1.0		1.0		1.0		1.0		1.0		1.0		1.0		1.0		1.0		1.0		1.0		1.0		1.0		1.0		1.0		1.0		1.0		1.0		1.0		1.0		1.0		1.0		1.0		1.0		1.0		1.0		1.0		1.0		1.0		
1.0		1.0		1.0		1.0		1.0		1.0		1.0		1.0		1.0		1.0		1.0		1.0		1.0		1.0		1.0		1.0		1.0		1.0		1.0		1.0		1.0		1.0		1.0		1.0		1.0		1.0		1.0		1.0		1.0		1.0		
1.0		1.0		1.0		1.0		1.0		1.0		1.0		1.0		1.0		1.0		1.0		1.0		1.0		1.0		1.0		1.0		1.0		1.0		1.0		1.0		1.0		1.0		1.0		1.0		1.0		1.0		1.0		1.0		1.0		1.0		
1.0		1.0		1.0		1.0		1.0		1.0		1.0		1.0		1.0		1.0		1.0		1.0		1.0		0.839	0.749	1.0		1.0		1.0		1.0		1.0		1.0		1.0		1.0		1.0		1.0		1.0		1.0		1.0		1.0		1.0		
1.0		1.0		1.0		1.0		1.0		1.0		1.0		1.0		1.0		1.0		1.0		1.0		1.0		0.424	0.118	1.0		1.0		1.0		1.0		1.0		1.0		1.0		1.0		1.0		1.0		1.0		1.0		1.0		1.0		1.0		
1.0		1.0		1.0		1.0		1.0		1.0		1.0		1.0		1.0		0.984	0.992	1.0		1.0		0.565	0.333	1.0		1.0		1.0		1.0		1.0		1.0		1.0		1.0		1.0		1.0		1.0		1.0		1.0		1.0		1.0		
0.365	0.376	0.388	0.404	0.416	0.431	0.443	0.471	0.494	0.247	0.227	0.31	0.333	0.224	0.051	0.145	0.161	0.173	0.184	0.2	    0.212	0.227	0.239	0.255	0.278	0.306	0.333	0.345	0.361	0.373	
0.529	0.667	0.655	0.529	0.518	0.612	0.6	    0.576	0.435	0.522	0.506	0.494	0.478	0.286	0.129	0.439	0.529	0.529	0.537	0.431	0.369	0.443	0.384	0.569	0.471	0.494	0.482	0.412	0.518	0.545	
1.0		1.0		1.0		1.0		1.0		1.0		1.0		1.0		1.0		1.0		1.0		1.0		1.0		0.6	    0.2 	1.0		1.0		1.0		1.0		1.0		1.0		1.0		1.0		1.0		1.0		1.0		1.0		1.0		1.0		1.0		
1.0		1.0		1.0		1.0		1.0		1.0		1.0		1.0		1.0		1.0		1.0		1.0		1.0		0.584	0.161	0.988	1.0		1.0		1.0		1.0		1.0		1.0		1.0		1.0		1.0		1.0		1.0		1.0		1.0		1.0		
1.0		1.0		1.0		1.0		1.0		1.0		1.0		1.0		1.0		1.0		1.0		1.0		1.0		0.494	0.231	1.0		1.0		1.0		1.0		1.0		1.0		1.0		1.0		1.0		1.0		1.0		1.0		1.0		1.0		1.0		
1.0		1.0		1.0		1.0		1.0		1.0		1.0		1.0		1.0		1.0		1.0		1.0		1.0		0.639	0.235	0.992	1.0		1.0		1.0		1.0		1.0		1.0		1.0		1.0		1.0		1.0		1.0		1.0		1.0		1.0		
0.329	0.345	0.357	0.373	0.388	0.416	0.443	0.463	0.478	0.49	0.506	0.518	0.529	0.298	0.275	0.573	0.6	    0.627	0.651	0.667	0.678	0.694	0.706	0.718	0.733	0.745	0.761	0.784	0.812	0.835	
0.482	0.467	0.443	0.416	0.392	0.376	0.365	0.251	0.224	0.247	0.106	0.263	0.22	0.078	0.016	0.169	0.188	0.176	0.165	0.09	0.106	0.122	0.11	0.094	0.078	0.063	0.047	0.039	0.196	0.165	
1.0		1.0		1.0		1.0		1.0		1.0		1.0		1.0		1.0		1.0		0.996	0.996	0.992	0.706	0.502	0.988	1.0		1.0		1.0		0.953	0.973	1.0		1.0		1.0		0.996	0.984	0.973	0.965	0.992	0.988	
1.0		1.0		1.0		1.0		1.0		1.0		1.0		1.0		1.0		1.0		1.0		1.0		1.0		0.58	0.537	1.0		1.0		1.0		1.0		1.0		1.0		1.0		1.0		1.0		1.0		1.0		1.0		1.0		1.0		1.0		
1.0		1.0		1.0		1.0		1.0		1.0		1.0		1.0		1.0		1.0		1.0		1.0		1.0		0.769	0.565	1.0		1.0		1.0		1.0		1.0		1.0		1.0		1.0		1.0		1.0		1.0		1.0		1.0		1.0		1.0		
1.0		1.0		1.0		1.0		1.0		1.0		1.0		1.0		1.0		1.0		1.0		1.0		1.0		0.478	0.588	1.0		1.0		1.0		1.0		1.0		1.0		1.0		1.0		1.0		1.0		1.0		1.0		1.0		1.0		1.0		
0.549	0.576	0.592	0.608	0.62	0.635	0.647	0.663	0.675	0.686	0.706	0.733	0.761	0.522	0.486	0.808	0.824	0.835	0.847	0.863	0.875	0.89	0.91	0.925	0.941	0.949	0.953	0.957	0.965	0.969	
0.306	0.314	0.396	0.337	0.251	0.349	0.396	0.384	0.314	0.357	0.337	0.31	0.282	0.063	0.02	0.318	0.337	0.424	0.224	0.275	0.31	0.29	0.141	0.188	0.239	0.243	0.325	0.22	0.22	0.306	
1.0		1.0		1.0		1.0		1.0		1.0		1.0		1.0		1.0		1.0		1.0		1.0		1.0		0.702	0.396	0.996	1.0		1.0		1.0		1.0		1.0		1.0		0.996	0.992	0.992	0.992	1.0		0.984	0.984	1.0		
1.0		1.0		1.0		1.0		1.0		1.0		1.0		1.0		1.0		1.0		1.0		1.0		1.0		0.537	0.42	1.0		1.0		1.0		1.0		1.0		1.0		1.0		1.0		1.0		1.0		1.0		1.0		1.0		1.0		1.0		
1.0		1.0		1.0		1.0		1.0		1.0		1.0		1.0		1.0		1.0		0.812	0.557	0.671	0.42	0.439	1.0		1.0		1.0		1.0		1.0		1.0		1.0		1.0		1.0		1.0		1.0		1.0		1.0		1.0		1.0		
1.0		1.0		1.0		1.0		1.0		1.0		1.0		1.0		0.898	0.369	0.075	0.0		0.0		0.0		0.341	1.0		1.0		1.0		1.0		1.0		1.0		1.0		1.0		1.0		1.0		1.0		1.0		1.0		1.0		1.0		
0.957	0.969	0.976	0.988	0.996	1.0		1.0		0.702	0.067	0.0		0.0		0.0		0.0		0.0		0.502	0.984	0.976	0.996	1.0		1.0		1.0		1.0		1.0		1.0		0.988	0.945	0.996	1.0		0.984	0.976	
0.071	0.082	0.078	0.075	0.086	0.098	0.114	0.071	0.0		0.0		0.0		0.0		0.0		0.0		0.02	0.161	0.071	0.22	0.188	0.098	0.169	0.125	0.192	0.153	0.145	0.067	0.18	0.208	0.169	0.118	
0.933	0.992	0.973	0.808	0.918	0.835	0.651	0.0		0.0		0.0		0.0		0.0		0.0		0.031	0.667	0.882	0.761	0.851	0.729	0.718	0.702	0.69	0.675	0.663	0.796	0.753	0.851	0.835	0.808	0.78	
1.0		1.0		1.0		1.0		1.0		1.0		0.89	0.055	0.0		0.0		0.0		0.0		0.078	0.682	1.0		1.0		1.0		1.0		1.0		1.0		1.0		1.0		1.0		1.0		1.0		1.0		1.0		1.0		1.0		1.0		
1.0		1.0		1.0		1.0		1.0		1.0		1.0		0.749	0.09	0.02	0.051	0.298	0.686	1.0		1.0		1.0		1.0		1.0		1.0		1.0		1.0		1.0		1.0		1.0		1.0		1.0		1.0		1.0		1.0		1.0		
1.0		1.0		1.0		1.0		1.0		1.0		1.0		1.0		0.925	0.851	0.961	0.996	1.0		1.0		1.0		1.0		1.0		1.0		1.0		1.0		1.0		1.0		1.0		1.0		1.0		1.0		1.0		1.0		1.0		1.0		
1.0		1.0		1.0		1.0		1.0		1.0		1.0		1.0		1.0		1.0		1.0		1.0		0.996	0.949	0.961	0.976	0.988	0.988	0.988	0.992	0.992	0.992	0.996	0.996	0.996	0.996	1.0		1.0		1.0		1.0		
0.227	0.243	0.255	0.271	0.282	0.294	0.31	0.322	0.345	0.373	0.4	    0.416	0.404	0.02	0.012	0.024	0.035	0.051	0.063	0.075	0.086	0.098	0.11	0.125	0.137	0.157	0.184	0.208	0.227	0.239	
0.584	0.573	0.557	0.545	0.533	0.514	0.486	0.459	0.439	0.424	0.412	0.396	0.384	0.373	0.357	0.345	0.329	0.302	0.275	0.251	0.239	0.224	0.212	0.196	0.184	0.169	0.157	0.141	0.125	0.102	
1.0		1.0		1.0		1.0		1.0		1.0		1.0		1.0		1.0		1.0		1.0		1.0		1.0		1.0		1.0		1.0		1.0		1.0		1.0		1.0		1.0		1.0		1.0		1.0		1.0		1.0		1.0		1.0		0.996	0.988	
1.0		1.0		1.0		1.0		1.0		1.0		1.0		1.0		1.0		1.0		1.0		1.0		1.0		1.0		1.0		1.0		1.0		1.0		1.0		1.0		1.0		1.0		1.0		1.0		1.0		1.0		1.0		1.0		1.0		1.0		
1.0		1.0		1.0		1.0		1.0		1.0		1.0		1.0		1.0		1.0		1.0		1.0		1.0		1.0		1.0		1.0		1.0		1.0		1.0		1.0		1.0		1.0		1.0		1.0		1.0		1.0		1.0		1.0		1.0		1.0		
1.0		1.0		1.0		1.0		1.0		1.0		1.0		1.0		1.0		1.0		1.0		1.0		1.0		1.0		1.0		1.0		1.0		1.0		1.0		1.0		1.0		1.0		1.0		1.0		1.0		1.0		1.0		1.0		1.0		1.0		
1.0		1.0		1.0		1.0		1.0		1.0		1.0		1.0		1.0		1.0		1.0		1.0		1.0		1.0		1.0		1.0		1.0		1.0		1.0		1.0		1.0		1.0		1.0		1.0		1.0		1.0		1.0		1.0		1.0		1.0		
1.0		1.0		1.0		1.0		1.0		1.0		1.0		1.0		1.0		1.0		1.0		1.0		1.0		1.0		1.0		1.0		1.0		1.0		1.0		1.0		1.0		1.0		1.0		1.0		1.0		1.0		1.0		1.0		1.0		1.0		
1.0		1.0		1.0		1.0		1.0		1.0		1.0		1.0		1.0		1.0		1.0		1.0		1.0		1.0		1.0		1.0		1.0		1.0		1.0		1.0		1.0		1.0		1.0		1.0		1.0		1.0		1.0		1.0		1.0		1.0		
1.0		1.0		1.0		1.0		1.0		1.0		1.0		1.0		1.0		1.0		1.0		1.0		1.0		1.0		1.0		1.0		1.0		1.0		1.0		1.0		1.0		1.0		1.0		1.0		1.0		1.0		1.0		1.0		1.0		1.0		
1.0		1.0		1.0		1.0		1.0		1.0		1.0		1.0		1.0		1.0		1.0		1.0		1.0		1.0		1.0		1.0		1.0		1.0		1.0		1.0		1.0		1.0		1.0		1.0		1.0		1.0		1.0		1.0		1.0		1.0		
1.0		1.0		1.0		1.0		1.0		1.0		1.0		1.0		1.0		1.0		1.0		1.0		1.0		1.0		1.0		1.0		1.0		1.0		1.0		1.0		1.0		1.0		1.0		1.0		1.0		1.0		1.0		1.0		1.0		1.0		
1.0		1.0		1.0		1.0		1.0		1.0		1.0		1.0		1.0		1.0		1.0		1.0		1.0		1.0		1.0		1.0		1.0		1.0		1.0		1.0		1.0		1.0		1.0		1.0		1.0		1.0		1.0		1.0		1.0		1.0		
1.0		1.0		1.0		1.0		1.0		1.0		1.0		1.0		1.0		1.0		1.0		1.0		1.0		1.0		1.0		1.0		1.0		1.0		1.0		1.0		1.0		1.0		1.0		1.0		1.0		1.0		1.0		1.0		1.0		1.0		
